10 10 30 20 
10 10 50 20 
10 10 70 20 
10 10 90 20 
10 10 110 20 
10 10 130 20 
10 10 150 20 
10 10 170 20 
10 10 190 20 
10 10 210 20 
10 10 230 20 
10 10 250 20 
10 10 270 20 
10 10 290 20 
10 10 310 20 
10 10 330 20 
10 10 350 20 
10 10 370 20 
10 10 390 20 


10 10 20 60
10 10 40 60
10 10 60 60
10 10 80 60
10 10 100 60
10 10 120 60
10 10 140 60
10 10 160 60
10 10 160 60
10 10 180 60
10 10 200 60
10 10 220 60
10 10 240 60
10 10 260 60
10 10 280 60
10 10 300 60
10 10 320 60
10 10 340 60
10 10 360 60
10 10 380 60


10 10 20 100 
10 10 40 100 
10 10 60 100 
10 10 80 100 

10 10 120 100 
10 10 140 100 
10 10 160 100 
10 10 180 100 
10 10 200 100 
10 10 220 100 
10 10 240 100 
10 10 260 100 
10 10 280 100 
10 10 320 100 
10 10 340 100 
10 10 360 100 
10 10 380 100 

10 10 20 150 
10 10 40 150 
10 10 60 150 
10 10 80 150 
10 10 120 150 
10 10 140 150 
10 10 160 150 
10 10 180 150 
10 10 200 150 
10 10 220 150 
10 10 240 150 
10 10 260 150 
10 10 280 150 
10 10 320 150 
10 10 340 150 
10 10 360 150 
10 10 380 150 

10 10 20 200 
10 10 40 200 
10 10 60 200 
10 10 80 200 
10 10 100 200 
10 10 120 200 
10 10 140 200 
 
10 10 240 200 
10 10 260 200 
10 10 280 200 
10 10 300 200 
10 10 320 200 
10 10 340 200 
10 10 360 200 
10 10 380 200 


10 10 20 240 
10 10 40 240 
10 10 60 240 
10 10 80 240 
10 10 120 240 
10 10 140 240 
10 10 160 240 
10 10 180 240 
10 10 200 240 
10 10 220 240 
10 10 240 240 
10 10 260 240 
10 10 280 240 
10 10 320 240 
10 10 340 240 
10 10 360 240 
10 10 380 240

10 10 20 290 
10 10 40 290 
10 10 60 290 
10 10 80 290 
 
10 10 120 290 
10 10 140 290 
10 10 160 290 
10 10 180 290 
10 10 200 290 
10 10 220 290 
10 10 240 290 
10 10 260 290 
10 10 280 290 
10 10 320 290 
10 10 340 290 
10 10 360 290 
10 10 380 290 

10 10 20 340 
10 10 40 340 
10 10 60 340 
10 10 80 340 
10 10 100 340 
10 10 120 340 
10 10 140 340 
10 10 160 340 
10 10 180 340 
10 10 200 340 
10 10 220 340 
10 10 240 340 
10 10 260 340 
10 10 280 340 
10 10 300 340 
10 10 320 340 
10 10 340 340 
10 10 360 340 
10 10 380 340 

10 10 20 380 
10 10 40 380 
10 10 60 380 
10 10 80 380 
10 10 100 380 
10 10 120 380 
10 10 140 380 
10 10 160 380 
10 10 180 380 
10 10 200 380 
10 10 220 380 
10 10 240 380 
10 10 260 380 
10 10 280 380 
10 10 300 380 
10 10 320 380 
10 10 340 380 
10 10 360 380 
10 10 380 380
